image_00000 638 446 686 490
image_00001 639 447 689 493
image_00002 641 444 687 492
image_00003 641 440 686 492
image_00004 637 438 692 495
image_00005 639 436 697 497
image_00006 639 431 697 498
image_00007 636 431 695 498
image_00008 638 433 695 500
image_00009 636 433 691 499
image_00010 632 431 694 500
image_00011 631 434 692 500
image_00012 631 434 694 502
image_00013 631 396 693 500
image_00014 634 396 700 502
image_00015 634 396 702 503
image_00016 634 400 703 504
image_00017 635 407 720 503
image_00018 634 404 722 505
image_00019 625 408 725 504
image_00020 626 407 725 506
image_00021 626 405 729 506
image_00022 627 406 728 507
image_00023 625 406 729 506
image_00024 622 405 730 506
image_00025 623 406 732 506
image_00026 625 407 731 508
image_00027 622 409 731 510
image_00028 622 410 732 509
image_00029 662 410 733 511
image_00030 666 403 731 510
image_00031 667 406 733 510
image_00032 664 406 732 512
image_00033 672 406 731 511
image_00034 673 401 734 512
image_00035 673 406 733 514
image_00036 676 392 740 513
image_00037 676 394 747 513
image_00038 675 394 749 514
image_00039 673 396 749 514
image_00040 670 399 748 514
image_00041 673 398 748 515
image_00042 671 396 747 517
image_00043 668 401 751 515
image_00044 664 402 747 515
image_00045 660 401 748 512
image_00046 664 403 748 512
image_00047 691 402 751 456
image_00048 693 402 750 456
image_00049 698 399 747 451
image_00050 700 400 746 446
image_00051 708 401 744 444
image_00052 712 404 744 442
image_00053 711 403 745 443
image_00054 711 405 745 443
image_00055 712 404 744 439
image_00056 713 406 745 438
image_00057 717 405 743 437
image_00058 716 405 740 435
image_00059 716 404 738 433
image_00060 716 406 738 433
image_00061 715 404 737 432
image_00062 714 404 736 432
image_00063 715 407 738 432
